20240518134358
20240518135412
20240518140010
20240518140452
20240518140910
20240518141822
20240518142603
20240518143031
20240518143447
20240518143916
20240518144349
20240518150846
20240518151444
20240518152248
20240518152703
20240518153502
20240518154521
20240518154929
20240518155320
20240518155710
20240518160347
20240518160953
20240518161611
20240518161954
20240518162844
20240518163309
20240518163733
20240518164318
20240518165058
20240518165442
20240518165801
20240518170202
20240518170851
20240518171620
20240518171915
20240518172324
20240518172643
20240518173007
20240518173331
20240518173637
20240518174437
20240518174949
20240518175738
20240518180103
20240518180427
20240518181151
20240518181830
20240518182154
20240518182839
20240518183337
20240518183830
20240518184305
20240518184654
20240518185651
20240518190050
20240518195442
20240518195749
20240518200103
20240518200736
20240518201145
20240518201850
20240519162409
20240519163415
20240519164051
20240519164457
20240519165054
20240519165404
20240519170718
20240519173106
20240519173649
20240519173934
20240519174355
20240519174915
20240519180943
20240519182449
20240519182852
20240519183237
20240519183848
20240519184640
20240519185224
20240519191629
20240519192316
20240519192914
20240519194030
20240519200828
20240519201241
20240519201613
20240519201931
20240519213506
20240519215310
20240520200707
20240520200958
20240520201231
20240520201505
20240520201954
20240520203538
20240520204704
20240520205020
20240520205650
20240520210042
20240520210316
20240520210934
20240520211558
20240520213703
20240520214002
20240520214332
20240520215054
20240520220100
20240520220535
20240520221756
20240520222917
20240520223329
20240520223614
20240520224031
20240520224423
20240520224739
20240520225119
20240520230058
20240520231544
20240520232418
20240520232645
20240520233113
20240520233553
20240521202336
20240521203255
20240521203857
20240521205455
20240521211759
20240521212251
20240521213123
20240521213434
20240521213723
20240521214339
20240521215833
20240521220431
20240521221912
20240521223121
20240521223350
20240521224805
20240521225047
20240521225336
20240521225800
20240521230253
20240521230627
20240521231056
20240521232002
20240521232244
20240521232616
20240521233502
20240521233833
20240521234659
20240521234950
20240521235227
20240522192917
20240522193222
20240522193738
20240522194031
20240522194633
20240522194919
20240522195355
20240522195631
20240522195939
20240522200248
20240522200619
20240522201357
20240522201956
20240522202504
20240522203100
20240522203409
20240522204107
20240522204658
20240522210859
20240522211143
20240522211444
20240522211738
20240522212314
20240522212632
20240522214107
20240522214353
20240522220531
20240522220822
20240522221146
20240522221527
20240522221823
20240522222321
20240523195138
20240523200011
20240523200615
20240523201038
20240523201802
20240523202043
20240523202441
20240523202845
20240523205653
20240523205936
20240523210232
20240523210515
20240523211411
20240523212334
20240523212649
20240523215331
20240523220109
20240523221319
20240523221714
20240523222504
20240524124212
20240524124526
20240524130455
20240524130849
20240524131158
20240524131623
20240524132945
20240524133359
20240524133801
20240524134410
20240524152407
20240524153141
20240524153439
20240524153805
20240524154527
20240524155316
20240524155908
20240524160144
20240524160506
20240524161342
20240524161818
20240524162955
20240524163340
20240524163853
20240524221905
20240524222319
20240524222546
20240524223025
20240524223322
20240524223850
20240524225125
20240525124455
20240525125005
20240525130443
20240525135250
20240525135737
20240525140338
20240525141149
20240525142007
20240525142459
20240525143044
20240525143731
20240525154900
20240525155252
20240525155805
20240525160050
20240525160744
20240525161028
20240525161658
20240525162537
20240525163352
20240525163618
20240525163833
20240525164029
20240525164328
20240525164619
20240525164913
20240525165311
20240525165622
20240525165921
20240525170348
20240525171344
20240525171846
20240525172340
20240525173255
20240525173529
20240525174518
20240525175015
20240525175317
20240525175606
20240525180118
20240525180406
20240525180619
20240525180815
20240525181231
20240525181511
20240525181940
20240525182431
20240525182842
20240525183129
20240525183348
20240525183610
20240525184149
20240525190955
20240525191349
20240525192051
20240525192306
20240525192524
20240525192732
20240525193241
20240525193518
20240525194513
20240525195139
20240525195627
20240525200309
20240525200534
20240525201503
20240525201947
20240525203644
20240525203853
20240525204112
20240525205029
20240525205225
20240525205425
20240526184017
20240526184356
20240526185018
20240526190230
20240526190650
20240526191421
20240526191821
20240526192549
20240526192803
20240526193254
20240526193554
20240526193823
20240526194155
20240526194918
20240526201220
20240526201639
20240526202900
20240526203337
20240526204126
20240526204418
20240526204720
20240526205401
20240526205650
20240526210313
20240526210936
20240526211251
20240526211813
20240526212052
20240526212545
20240526212840
20240526213120
20240526213709
20240526214017
20240526214718
20240526215137
20240526215845
20240526220314
20240526220609
20240527132250
20240527132736
20240527133313
20240527135033
20240527135707
20240527140047
20240527140652
20240527141505
20240527142958
20240527143351
20240527143844
20240527144243
20240527144533
20240527144838
20240527145527
20240527151040
20240527151410
20240527152129
20240527153138
20240527153604
20240527154320
20240527154558
20240527155344
20240527160209
20240527161210
20240527161439
20240527161656
20240527161929
20240527162140
20240527162404
20240527165432
20240527165831
20240527170023
20240527170240
20240527170450
20240527170724
20240527171032
20240527171254
20240527171759
20240527172107
20240527172615
20240527172821
20240527173051
20240527173305
20240527173522
20240527173751
20240527173942
20240527174347
20240527174619
20240527174824
20240527175251
20240527175818
20240527180044
20240527180251
20240527180738
20240527180941
20240527182250
20240527183001
20240527183738
20240527184414
20240527184844
20240527185106
20240527204335
20240527205017
20240527205419
20240527205815
20240527211031
20240527212010
20240527212613
20240527212946
20240527213405
20240527213625
20240527213910
20240527214135
20240527215316
20240527215702
20240527220157
20240527220445
20240527220741
20240527221329
20240527221631
20240527222407
20240528195614
20240528200317
20240528200547
20240528201201
20240528201514
20240528202435
20240528203437
20240528203810
20240528204125
20240528204524
20240528204940
20240528205254
20240528205533
20240528205942
20240528210548
20240528211032
20240529144356
20240529150408
20240529151051
20240529151841
20240529152223
20240529152629
20240529153756
20240529153947
20240529154351
20240529155748
20240529160114
20240529160701
20240529160904
20240529161141
20240529161536
20240529162008
20240529162545
20240529163026
20240529164344
20240529165429
20240529170158
20240529170424
20240529170727
20240529171310
20240529171520
20240529171802
20240529172232
20240529172521
20240529172844
20240529173059
20240529173241
20240529173443
20240529173636
20240529173816
20240529174106
20240529174432
20240529174726
20240529174954
20240529175212
20240529175433
20240529175850
20240529180340
20240529181133
20240529181317
20240529181708
20240529181946
20240529182221
20240529182455
20240529182724
20240529183146
20240529183432
20240529183736
20240529184046
20240529184712
20240529185202
20240529185359
20240529185614
20240529185838
20240529190049
20240529190318
20240529190612
20240529190840
20240530124810
20240530125528
20240530125751
20240530130000
20240530130337
20240530130628
20240530131356
20240530131609
20240530132009
20240530132245
20240530132530
20240530133106
20240530133604
20240530133816
20240530134132
20240530135131
20240530135518
20240530140038
20240530140445
20240530141007
20240530141403
20240530141709
20240530142033
20240530142736
20240530143025
20240530143236
20240530172756
20240530173137
20240530174102
20240530175039
20240530175343
20240530175648
20240530175905
20240530180318
20240530180508
20240530180836
20240530181109
20240530181513
20240530181703
20240530181900
20240530182057
20240530182253
20240530182509
20240530182721
20240530183000
20240530183242
20240530183940
20240530184448
20240530184826
20240530185129
20240530185518
20240530190151
20240530190605
20240530190920
20240530191610
20240530192103
20240530192524
20240530192806
20240530193015
20240530193519
20240530194153
20240530194427
20240530194750
20240530195051
20240530201621
20240530201856
20240530202126
20240530202319
20240530202533
20240530202851
20240530203441
20240530203657
20240530203911
20240530204240
20240530204947
20240530205206
20240530205443
20240530205715
20240530210045
20240530210244
20240530210641
20240530210953
20240530211251
20240530211601
20240530212222
20240530212430
20240530212819
20240530213026
20240611201248
20240611202456
20240611205345
20240611210359
20240611212718
20240611213658
20240611215719
20240611220741
20240612191859
20240612193056
20240612201050
20240612202443
20240617191052
20240617192040
20240617194455
20240617195158
20240617202006
20240617202816
20240624165954
20240624170844
20240624195406
20240624200421
20240624202444
20240624203224
20240626121549
20240626122435
20240630142113
20240630143045
20240630151445
20240630153006
20240703152051
20240703153036
20240703160047
20240703160829
20240705125027
20240705130030
20240705133604
20240705134430
20240705150725
20240705151441
20240709125725
20240709130515
20240709132545
20240709133328
20240710124356
20240710125045
20240710180129
20240710181000
20240711125116
20240711125807
20240711133439
20240711134151
20240711174931
20240711175559
20240711182527
20240711183446
20240712174827
20240712175515
20240713163002
20240713163701
20240716174827
20240716175651
20240717174805
20240717175637
20240717182128
20240717182801
20240718175914
20240718180523
20240719181801
20240719183010
20240720165503
20240720171403
20240720173715
20240720174401
20240801191502
20240801191806
20240801192029
20240801192244
20240801192503
20240801192718
20240801192930
20240801193139
20240801193442
20240801193724
20240801193936
20240801194302
20240801194505
20240801194746
20240801195027
20240801195330
20240801195633
20240801195901
20240801200225
20240801200437
20240801200655
20240801200913
20240801201127
20240801201447
20240801202429
20240801203018
20240914130854
20240914131245
20240914131553
20240914131747
20240914132032
20240914132309
20240914132913
20240914133229
20240914134158
20240914134811
20240914144239
20240914144500
20240914144732
20240914144933
20240914145235
20240914145503
20240914145703
20240914145910
20240914150102
20240914150351
20240914151030
20240914151440
20240914151720
20240914154515
20240914154729
20240914155001
20240914155305
20240914155538
20240914155750
20240914160007
20240914160246
20240914163606
20240914163722
20240914163841
20240914163956
20240914164133
20240914164243
20240914164406
20240914164704
20240914165811
20240914165916
20240914170018
20240914170129
20240914170311
20240914170428
20240914170542
20240914170747
20240914170903
20240914171029
20240914171146
20240914171319
20240914171434
20240914171652
20240914171858
20240914172032
20240914172249
20240914172419
20240914172539
20240914194337
20240914194617
20240914194944
20240914195106
20240914195429
20240914195748
20240914200048
20240914200444
20240914200800
20240914201009
20240914201545
20240914201755
20240914201918
20240914203029
20240914203139
20240914203251
20240914203405
20240914203525
20240914203704
20240914203835
20240914203951
20240914204112
20240914204233
20240914204500
20240914204816
20240914205118
20240914205319
20240914205509
20240914205751
20240914211928
20240914212721
20240914213237
20240914213557
20240914213849
20240914214215
20240914214520
20240914214758
20240914215134
20240914215419
20240914215930
20240914220419
20240914220734
20240914221037
20240914221307
20240914221503
20240914221758
20240914230836
20240914230958
20240914231114
20240914231257
20240914231417
20240914231540
20240914231711
20240914231844
20240914232007
20240914232130
20240914232241
20240914232406
20240914232618
20240914232752
20240914232920
20240914233043
20240914233315
20240914233433
20240914233552
20240914233714
20240914234003
20240914234129
20240926142159
20240926142920
20240926144648
20240926145237
20240926153531
20240926154125
20240926163426
20240926164103
20240926170510
20240926171506
20240926193451
20240926194127
20240926200637
20240926203445
20240926210350
20240926211109
20241029141310
20241029142023
20241029150416
20241029150711
20241029151113
20241029151332
20241029151616
20241029151958
20241029152402
20241029153003
20241029153313
20241029154157
20241029161608
20241029162327
20241105204340
20241105204950
20241105211819
20241105212330
20241105214133
20241105214332
20241105214543
20241105214812
20241105215053
20241105215252
20241105215513
20241105215758
20241105215958
20241105220208
20241105220729
20241105221033
20241105221408
20241105221657
20241105221957
20241105222420
20241105222733
20241105223041
20241105223330
20241105223635
20241105223959
20241114165306
20241114165442
20241114165610
20241114165756
20241114170136
20241114170305
20241114170445
20241114170729
20241114171039
20241114171556
20241114175849
20241114180007
20241114180136
20241114180324
20241114180450
20241114180650
20241114180817
20241114180936
20241114181106
20241114181232
20241114181446
20241114181605
20241114181854
20241114182208
20241114182337
20241114182539
20241114182726
20241114200442
20241114200703
20241114201004
20241114201235
20241114201514
20241114201738
20241114202009
20241114202132
20241114202259
20241114202433
20241114202612
20241114202752
20241114202927
20241114203119
20241114203326
20241114203446
20241114203649
20241114203833
20241114204020
20241114204149
20241114204332
20241114204510
20241114204701
20241114204921
20241114205104
20241114205231
20241114205440
20241114205608
20241114205758
20241114205945
20241114210217
20241114210426
20241114210630
20241114211618
20241114211759
20241114211941
20241114212105
20241114212521
20241114212640
20241115144640
20241115144833
20241115145017
20241115145135
20241115145603
20241115145824
20241115150121
20241115150331
20241115150551
20241115150719
20241115150843
20241115151035
20241115151259
20241115151737
20241115152118
20241115152333
20241115152748
20241115152928
20241115153217
20241115153352
20241115153526
20241115153923
20241115154116
20241115154635
20241115154751
20241115155131
20241115155358
20241115155523
20241115155703
20241115160214
20241115162927
20241115163451
20241115165848
20241115170430
